15 0.043750 0.242537 0.052500 0.082090
15 0.133750 0.218284 0.047500 0.085821
15 0.095000 0.225746 0.035000 0.055970
15 0.225000 0.210821 0.060000 0.093284
15 0.308750 0.192164 0.062500 0.100746
15 0.350000 0.205224 0.060000 0.111940
15 0.490000 0.195896 0.070000 0.108209
15 0.541250 0.186567 0.072500 0.141791
15 0.633750 0.190299 0.077500 0.171642
15 0.766250 0.160448 0.097500 0.201493
15 0.412500 0.167910 0.035000 0.067164
15 0.440000 0.156716 0.045000 0.089552
15 0.176250 0.203358 0.032500 0.055970
