15 0.190000 0.300000 0.080000 0.121429
15 0.371250 0.287500 0.067500 0.132143
15 0.465000 0.294643 0.080000 0.125000
15 0.592500 0.210714 0.075000 0.128571
15 0.740000 0.319643 0.075000 0.132143
15 0.710000 0.258929 0.065000 0.110714
15 0.848750 0.292857 0.077500 0.114286
15 0.350000 0.201786 0.065000 0.089286
16 0.162500 0.291071 0.110000 0.139286
16 0.390000 0.182143 0.080000 0.128571
16 0.631250 0.210714 0.067500 0.135714
16 0.756250 0.237500 0.072500 0.110714
16 0.501250 0.317857 0.067500 0.114286
16 0.703750 0.341071 0.082500 0.125000
16 0.826250 0.312500 0.062500 0.089286
