16 0.067500 0.346591 0.085000 0.132576
16 0.201250 0.234848 0.072500 0.121212
16 0.108750 0.185606 0.062500 0.106061
15 0.142500 0.181818 0.045000 0.098485
16 0.195000 0.100379 0.070000 0.132576
16 0.042500 0.090909 0.050000 0.083333
16 0.363750 0.068182 0.052500 0.083333
16 0.346250 0.274621 0.082500 0.109848
16 0.437500 0.219697 0.070000 0.113636
16 0.453750 0.132576 0.057500 0.113636
16 0.528750 0.176136 0.067500 0.132576
16 0.497500 0.471591 0.105000 0.178030
16 0.670000 0.303030 0.075000 0.106061
16 0.737500 0.232955 0.075000 0.109848
16 0.847500 0.376894 0.095000 0.140152
16 0.817500 0.350379 0.085000 0.125000
16 0.955000 0.225379 0.080000 0.117424
16 0.667500 0.102273 0.060000 0.098485
16 0.726250 0.125000 0.057500 0.098485
16 0.605000 0.085227 0.060000 0.094697
16 0.736250 0.051136 0.067500 0.087121
16 0.935000 0.085227 0.050000 0.087121
16 0.963750 0.068182 0.052500 0.090909
16 0.872500 0.032197 0.060000 0.056818
15 0.898750 0.079545 0.052500 0.075758
16 0.247500 0.907197 0.200000 0.185606
