15 0.011250 0.606643 0.017500 0.066434
15 0.076250 0.641608 0.052500 0.073427
15 0.220000 0.639860 0.045000 0.055944
15 0.498750 0.583916 0.052500 0.055944
15 0.802500 0.496503 0.025000 0.041958
15 0.578750 0.510490 0.027500 0.034965
16 0.347500 0.617133 0.050000 0.059441
16 0.883750 0.566434 0.047500 0.062937
16 0.522500 0.510490 0.025000 0.034965
16 0.622500 0.503497 0.030000 0.034965
16 0.386250 0.538462 0.042500 0.055944
16 0.246250 0.538462 0.037500 0.041958
16 0.288750 0.496503 0.037500 0.041958
16 0.331250 0.522727 0.027500 0.045455
16 0.665000 0.461538 0.025000 0.034965
16 0.703750 0.452797 0.022500 0.038462
