15 0.391250 0.554000 0.077500 0.164000
15 0.500000 0.464000 0.075000 0.152000
15 0.957500 0.590000 0.085000 0.220000
15 0.422500 0.404000 0.035000 0.064000
16 0.083750 0.462000 0.042500 0.076000
16 0.115000 0.428000 0.045000 0.088000
16 0.078750 0.380000 0.057500 0.088000
16 0.171250 0.402000 0.037500 0.076000
16 0.187500 0.378000 0.035000 0.092000
16 0.201250 0.534000 0.062500 0.140000
16 0.245000 0.500000 0.050000 0.112000
16 0.635000 0.560000 0.080000 0.144000
16 0.625000 0.342000 0.075000 0.140000
16 0.835000 0.532000 0.060000 0.120000
16 0.890000 0.550000 0.080000 0.156000
16 0.721250 0.462000 0.047500 0.092000
16 0.332500 0.458000 0.050000 0.084000
