16 0.029167 0.144836 0.028333 0.042821
16 0.077500 0.152393 0.028333 0.047859
16 0.115833 0.136020 0.021667 0.030227
16 0.157500 0.197733 0.048333 0.068010
16 0.225833 0.159950 0.038333 0.047859
16 0.186667 0.177582 0.033333 0.052897
16 0.321667 0.220403 0.043333 0.068010
16 0.340000 0.198992 0.036667 0.065491
16 0.272500 0.141058 0.025000 0.040302
16 0.373333 0.137280 0.030000 0.057935
16 0.328333 0.149874 0.020000 0.042821
16 0.420833 0.144836 0.028333 0.037783
16 0.456667 0.146096 0.030000 0.040302
16 0.435000 0.177582 0.040000 0.052897
16 0.477500 0.222922 0.048333 0.073048
16 0.523333 0.149874 0.040000 0.042821
16 0.518333 0.195214 0.043333 0.047859
16 0.541667 0.304786 0.070000 0.110831
16 0.677500 0.170025 0.041667 0.052897
16 0.695000 0.178841 0.043333 0.060453
16 0.815000 0.256927 0.060000 0.095718
16 0.847500 0.268262 0.061667 0.113350
