15 0.882500 0.228464 0.175000 0.247191
15 0.671250 0.260300 0.107500 0.176030
15 0.570000 0.320225 0.070000 0.108614
15 0.518750 0.337079 0.057500 0.112360
15 0.463750 0.355805 0.062500 0.112360
15 0.395000 0.389513 0.055000 0.082397
15 0.337500 0.382022 0.045000 0.074906
15 0.310000 0.406367 0.045000 0.063670
15 0.280000 0.404494 0.040000 0.067416
15 0.233750 0.419476 0.037500 0.044944
15 0.207500 0.411985 0.030000 0.052434
15 0.166250 0.426966 0.027500 0.044944
15 0.121250 0.445693 0.022500 0.037453
15 0.085000 0.468165 0.030000 0.037453
