15 0.161250 0.537500 0.047500 0.066667
15 0.158750 0.475000 0.042500 0.075000
15 0.018750 0.391667 0.032500 0.066667
16 0.306250 0.622917 0.047500 0.070833
16 0.293750 0.504167 0.057500 0.083333
16 0.687500 0.500000 0.045000 0.058333
16 0.747500 0.418750 0.040000 0.062500
16 0.636250 0.362500 0.042500 0.058333
16 0.671250 0.089583 0.027500 0.045833
16 0.268750 0.308333 0.042500 0.058333
16 0.138750 0.250000 0.047500 0.075000
16 0.120000 0.368750 0.045000 0.054167
16 0.361250 0.295833 0.037500 0.041667
16 0.842500 0.212500 0.030000 0.058333
15 0.207500 0.375000 0.055000 0.075000
15 0.495000 0.539583 0.050000 0.062500
15 0.475000 0.364583 0.030000 0.070833
15 0.437500 0.487500 0.030000 0.058333
15 0.692500 0.297917 0.035000 0.045833
15 0.897500 0.270833 0.025000 0.058333
15 0.843750 0.325000 0.032500 0.041667
16 0.563750 0.277083 0.042500 0.062500
16 0.627500 0.235417 0.025000 0.045833
15 0.236250 0.222917 0.037500 0.062500
15 0.291250 0.250000 0.032500 0.058333
