16 0.093750 0.379061 0.047500 0.072202
16 0.258750 0.411552 0.067500 0.079422
16 0.272500 0.380866 0.040000 0.068592
15 0.390000 0.406137 0.040000 0.054152
16 0.370000 0.415162 0.020000 0.036101
16 0.446250 0.425993 0.042500 0.079422
16 0.496250 0.393502 0.032500 0.057762
15 0.537500 0.389892 0.040000 0.064982
16 0.570000 0.407942 0.015000 0.036101
16 0.597500 0.433213 0.025000 0.050542
16 0.657500 0.389892 0.060000 0.093863
15 0.730000 0.411552 0.050000 0.079422
15 0.938750 0.411552 0.062500 0.093863
15 0.341250 0.420578 0.027500 0.032491
